000048
000423
000538
000568
000592
000623
000663
000711
000713
000735
000798
000848
000860
000910
000998
001201
002041
002069
002086
002100
002124
002157
002166
002200
002216
002234
002286
002299
002311
002321
002329
002385
002390
002424
002431
002447
002458
002477
002481
002505
002507
002548
002557
002566
002567
002582
002650
002661
002679
002688
002696
002702
002714
002719
002732
002746
002772
002847
002852
002873
002910
002982
002991
003000
300087
300094
300106
300119
300138
300143
300158
300189
300313
300498
300511
300761
300783
300871
300898
300908
300967
300970
300972
301116
301498
600097
600108
600127
600129
600195
600211
600238
600251
600257
600265
600285
600295
600300
600305
600313
600351
600354
600359
600371
600419
600429
600438
600467
600479
600506
600540
600543
600597
600598
600737
600873
600882
600887
600962
600965
600975
601118
601933
601996
603151
603156
603182
603237
603288
603317
603336
603345
603363
603477
603517
603609
603668
603708
603896
605016
605179
605198
605296
605337
605338
605589
